$ 1 5.0000000000000004e-8 382.76258214399064 50 5 43 5e-11
R -144 208 -192 208 0 0 40 1.2 0 0 0.5
a -144 224 -64 224 9 30 0 1000000 1.0556142862519813 1.2 100000
w -144 240 -160 240 0
w -160 304 32 304 0
r 32 304 32 224 0 33000
r 32 304 32 384 0 1200
g 32 384 32 432 0 0
w -64 224 32 224 0
w -160 240 -160 304 0
t 480 256 480 224 1 1 -0.06735772859996558 0.8061748477298387 30 default
t 432 304 432 272 1 -1 -0.6549856071305591 -0.7223433357305247 100 default
w 464 224 384 224 0
w 384 224 336 224 0
w 496 224 528 224 0
w 416 272 384 272 0
w 384 272 384 224 0
r 384 272 384 336 0 2200
w 432 304 432 336 0
w 432 336 384 336 0
t 416 384 384 384 0 1 -14.53334220321753 0.6590068937072768 100 default
w 384 336 384 368 0
r 384 400 384 480 0 1200
g 384 480 384 512 0 0
w 416 384 448 384 0
r 448 384 512 384 0 2200
a 592 384 512 384 8 15 -15 1000000 1.9697105499360141 2 100000
w 512 384 512 336 0
r 512 336 592 336 0 2200
c 592 336 640 336 4 1e-10 13.030292464008971 0.001 0
w 592 368 640 368 0
w 640 336 640 368 0
w 640 368 672 368 0
r 672 368 672 224 0 33000
w 672 224 528 224 0
r 672 368 672 448 0 2200
g 672 448 672 512 0 0
w 672 224 912 224 0
r 912 224 912 352 0 8.2
g 912 352 912 416 0 0
t 256 112 256 144 0 -1 28.065418872248642 -0.4413637706334761 100 default
w 32 224 336 224 0
r 240 144 176 144 0 2200
w 176 144 160 144 0
w 160 144 160 304 0
w 160 304 32 304 0
d 304 144 272 144 2 default
d 336 144 304 144 2 default
d 368 144 336 144 2 default
w 384 224 384 144 0
w 384 144 368 144 0
d 384 96 384 144 2 default
w 256 112 256 96 0
w 256 96 384 96 0
r 384 96 496 96 0 2200
c 912 224 992 256 4 0.000022000000000000003 29.12648184724128 0.001 0
g 992 256 992 304 0 0
R 560 512 512 512 0 0 40 2 0 0 0.5
w 560 512 592 400 0
a 672 128 592 128 8 30 -15 1000000 29.126265584585433 29.12648184724128 100000
w 592 128 592 64 0
w 592 64 720 64 0
w 720 64 720 112 0
w 720 112 672 112 0
w 672 144 672 224 0
w 496 96 592 128 0
w 832 -16 752 -32 0
w 512 336 512 288 0
r 512 288 640 288 0 180000
w 640 288 640 336 0
r 800 480 832 464 0 0.33
w 448 272 480 256 0
o 54 64 0 4107 40 0.00009765625 0 2 54 3
o 23 64 0 4107 20 0.00078125 1 2 23 3
38 56 F1 0 0 2 -1 Vref
